"","mass_per","No","T1","Twice"
"1",-36.7924528301887,0.318277587249305,0.0465236054357831,0.635198807314912
"6",-28.2608695652174,0.27645941151029,0.0573090219248703,0.666231566564839
"8",-26.3157894736842,0.267364646868946,0.0600187009103033,0.672616652220751
"31",-3.03030303030303,0.172670068256911,0.100578471940101,0.726751459802988
"48",6.12244897959183,0.142859547128628,0.121050982233626,0.736089470637746
"55",9.75609756097562,0.132158255841482,0.129949188455887,0.737892555702631
"22",-10,0.406435248347592,0.104407935725577,0.489156815926831
"40",2.17391304347826,0.333555481780976,0.141061710764342,0.525382807454683
"43",3.77358490566038,0.32432624622387,0.146443961278037,0.529229792498093
"49",6.45161290322581,0.309105117331186,0.155747537381585,0.535147345287228
"50",7.14285714285714,0.305225713661638,0.158208235990004,0.536566050348358
"53",9.30232558139536,0.293244656782729,0.166051085449569,0.540704257767702
"57",12.280701754386,0.277082836820956,0.177250799023305,0.54566636415574
"59",13.4615384615384,0.270797721258099,0.181812355165659,0.547389923576242
"62",14.8936170212766,0.263272582103955,0.187435511559203,0.549291906336842
"66",20.7317073170732,0.233756396952202,0.211365163791467,0.554878439256331
"67",21.7391304347826,0.228859963576837,0.215653038602308,0.555486997820856
"68",22.2222222222222,0.226533191563353,0.217725265106642,0.555741543330005
"83",46.6666666666667,0.127779434498432,0.334159668908903,0.538060896592665
"85",54.7169811320755,0.103443222155563,0.376149607941676,0.520407169902761
"3",-34.8837209302326,0.901565398989426,0.028775015328869,0.0696595856817052
"7",-26.6666666666667,0.879247868599887,0.0392880459879234,0.0814640854121895
"9",-25.7425742574257,0.876446687212877,0.0406732166965235,0.0828800960905989
"10",-25.6410256410256,0.876135041760029,0.0408281772651346,0.0830367809748364
"11",-23.4042553191489,0.869074406078439,0.044383777943369,0.0865418159781915
"12",-21.969696969697,0.864343696658881,0.0468129199946717,0.0888433833464478
"13",-21.5189873417722,0.862823903045135,0.0476010769021053,0.0895750200527592
"15",-17.8947368421053,0.850000991195877,0.0543960210053278,0.0956029877987947
"16",-15.7303370786517,0.841813832213728,0.0588647219611821,0.0993214458250903
"18",-13.7614678899083,0.83400773346821,0.0632154409418881,0.102776825589901
"20",-12.3287671232877,0.828106572341166,0.0665607560480393,0.105332671610795
"21",-11.4503816793893,0.824394701245336,0.0686891706381091,0.106916128116555
"23",-8.41121495327102,0.810988038818899,0.0765271578413108,0.112484803339791
"26",-4.59770114942528,0.792889833357551,0.0874647186505048,0.119645447991944
"27",-4.22535211267604,0.791044731051411,0.0886018708119203,0.120353398136669
"28",-4,0.789921212027204,0.0892962563631853,0.120782531609611
"29",-3.65853658536584,0.788208965915363,0.0903573274634252,0.121433706621212
"32",-2.98507462686567,0.784797069780212,0.0924817669847646,0.122721163235023
"33",-2.22222222222221,0.780876168965877,0.0949395918173615,0.124184239216761
"34",0,0.769111855283732,0.102417540194807,0.12847060452146
"35",0,0.769111855283732,0.102417540194807,0.12847060452146
"36",0,0.769111855283732,0.102417540194807,0.12847060452146
"37",0.819672131147542,0.764642895865499,0.105298070006171,0.130059034128329
"38",1.04166666666667,0.763420467022868,0.106089760139657,0.130489772837474
"39",1.88679245283019,0.758719480396127,0.109149181919648,0.132131337684225
"41",2.56410256410257,0.754897856065316,0.11165357075234,0.133448573182344
"42",3.00751879699246,0.752369827207726,0.113318662105359,0.134311510686915
"44",3.79746835443037,0.747814865525982,0.116335563683426,0.135849570790593
"45",4,0.746636458524707,0.117119547993852,0.136243993481442
"46",4.21052631578948,0.745406956918805,0.117939043907307,0.136653999173888
"51",8.06451612903227,0.722075356745068,0.133778222816684,0.144146420438249
"52",8.97435897435898,0.716340248226161,0.137753534643509,0.145906217130329
"54",9.72222222222221,0.711561735416915,0.14108988001145,0.147348384571635
"58",13.3333333333333,0.687681023447915,0.158084663966664,0.15423431258542
"60",13.5135135135135,0.68645494139297,0.15897141186593,0.1545736467411
"61",13.6986301369863,0.685191902271553,0.159886318199357,0.154921779529089
"63",14.9425287356322,0.676617042420617,0.166135830222199,0.157247127357184
"64",17.1428571428571,0.661081631978671,0.177625679462635,0.161292688558694
"65",17.7215189873418,0.656919884801176,0.180739842426872,0.162340272771952
"69",23.0769230769231,0.616990777472268,0.211378013662621,0.171631208865111
"70",23.75,0.6118031662716,0.215458063688963,0.172738770039437
"77",32.6530612244898,0.540298402418966,0.273977772782681,0.185723824798353
"80",37.5,0.499744115122718,0.309048414024368,0.191207470852914
"81",43.5294117647059,0.448682341410449,0.355176236809469,0.196141421780083
"91",74.5098039215687,0.213592981494623,0.601232204677858,0.185174813827519
"2",-36.1904761904762,0.783327734134414,0.0403943439098878,0.176277921955698
"4",-34.3434343434343,0.775173971882035,0.0431145377094814,0.181711490408484
"5",-28.8888888888889,0.749633191592738,0.0521286073271105,0.198238201080152
"14",-21.2121212121212,0.709939624297662,0.0676038046813112,0.222456571021027
"17",-14.7368421052632,0.673085670253749,0.083555567531843,0.243358762214408
"19",-12.9032258064516,0.662107914551084,0.0886018044290628,0.249290281019853
"24",-8.10810810810811,0.632329621255041,0.102975265259386,0.264695113485574
"25",-6.06060606060607,0.619166595089806,0.10965018247697,0.271183222433223
"30",-3.63636363636364,0.603258924731099,0.117982592788356,0.278758482480545
"47",4.34782608695653,0.548704748648517,0.14881354094313,0.302481710408352
"56",11.1111111111111,0.500526807731564,0.179063988014512,0.320409204253924
"71",23.8095238095238,0.408282649698017,0.245679190528808,0.346038159773174
"72",26.0869565217391,0.391872103648757,0.258853054964756,0.349274841386486
"73",28.7878787878788,0.372588178261104,0.274897497839609,0.352514323899287
"74",30.188679245283,0.362681949313302,0.283386572129198,0.353931478557501
"75",30.3571428571428,0.361495555165726,0.284414817305545,0.354089627528729
"76",31.3131313131313,0.354784563908599,0.290278665848999,0.354936770242402
"78",33.3333333333333,0.340732352573284,0.302824300906575,0.35644334652014
"79",35.5932203389831,0.325245460231246,0.317086727235197,0.357667812533556
"82",45.7627118644068,0.259381618383212,0.383494045141849,0.357124336474938
"84",50,0.234157448927766,0.411796509075626,0.354046041996608
"86",58.974358974359,0.185757816597428,0.471759162080659,0.342483021321913
"87",59.0909090909091,0.185176319214282,0.472532192796099,0.342291487989619
"88",60,0.180682916199391,0.478553142950641,0.340763940849968
"89",64.0625,0.161522216504387,0.505233566783247,0.333244216712365
"90",64.2857142857143,0.160513030885855,0.506687083579428,0.332799885534717
"92",86.4864864864865,0.0818215464336768,0.641079957410297,0.277098496156026
"93",107.692307692308,0.0398687301313769,0.744385402145966,0.215745867722657
